<?xml version="1.0"?>
<opencv_storage>
<rvec type_id="opencv-matrix">
  <rows>3</rows>
  <cols>1</cols>
  <dt>d</dt>
  <data>
    2.9877598204955041e-02 -7.2364034718370676e-02
    -1.7992147447096862e+00</data></rvec>
<tvec type_id="opencv-matrix">
  <rows>3</rows>
  <cols>1</cols>
  <dt>d</dt>
  <data>
    -5.1843117364360705e+00 3.3374126255105288e+00
    5.6320426610749577e+00</data></tvec>
</opencv_storage>
