<?xml version="1.0"?>
<opencv_storage>
<rvec type_id="opencv-matrix">
  <rows>3</rows>
  <cols>1</cols>
  <dt>d</dt>
  <data>
    -1.3062946424171160e-01 6.3106787331239311e-01
    2.5672284701973767e+00</data></rvec>
<tvec type_id="opencv-matrix">
  <rows>3</rows>
  <cols>1</cols>
  <dt>d</dt>
  <data>
    2.2144283602744949e+01 -4.5406270578122143e-01
    5.1821559881722756e+01</data></tvec>
</opencv_storage>
