<?xml version="1.0"?>
<opencv_storage>
<rvec type_id="opencv-matrix">
  <rows>3</rows>
  <cols>1</cols>
  <dt>d</dt>
  <data>
    -1.4447078355323928e+00 1.8272249121733244e-01
    2.3775625570037645e-01</data></rvec>
<tvec type_id="opencv-matrix">
  <rows>3</rows>
  <cols>1</cols>
  <dt>d</dt>
  <data>
    -1.8544117280984269e+00 1.6775981753284916e-01
    2.8403738879980647e+01</data></tvec>
</opencv_storage>
