<?xml version="1.0"?>
<opencv_storage>
<camera_matrix type_id="opencv-matrix">
  <rows>3</rows>
  <cols>3</cols>
  <dt>f</dt>
  <data>
    4.64384521e+03 0. 8.10114441e+02 0. 1.77828809e+04 1.16586021e+02 0.
    0. 1.</data></camera_matrix>
<distortion_coefficients type_id="opencv-matrix">
  <rows>1</rows>
  <cols>5</cols>
  <dt>d</dt>
  <data>
    -1.8439638826863038e+00 7.7145754051287568e+01
    1.1889119346254518e-02 -3.0306646886217564e-02
    -1.4399553452638634e+03</data></distortion_coefficients>
</opencv_storage>
