<?xml version="1.0"?>
<opencv_storage>
<rvec type_id="opencv-matrix">
  <rows>3</rows>
  <cols>1</cols>
  <dt>d</dt>
  <data>
    -3.6454276694417120e-01 -1.9487687182936097e-02
    1.5478397567831144e+00</data></rvec>
<tvec type_id="opencv-matrix">
  <rows>3</rows>
  <cols>1</cols>
  <dt>d</dt>
  <data>
    1.3934610732661104e+01 -1.4189211383366530e+01
    3.5183276000363342e+01</data></tvec>
</opencv_storage>
