<?xml version="1.0"?>
<opencv_storage>
<camera_matrix type_id="opencv-matrix">
  <rows>3</rows>
  <cols>3</cols>
  <dt>d</dt>
  <data>
    6.0506902027964850e+02 0. 2.4521306239053703e+02 0.
    5.8627985436435949e+02 3.2453209431307903e+02 0. 0. 1.</data></camera_matrix>
<distortion_coefficients type_id="opencv-matrix">
  <rows>1</rows>
  <cols>5</cols>
  <dt>d</dt>
  <data>
    -1.1018773827331568e-01 -6.0158298947578626e-02
    1.3117057546184951e-02 1.4821525029220034e-01
    -2.6697668325874840e-01</data></distortion_coefficients>
</opencv_storage>
