<?xml version="1.0"?>
<opencv_storage>
<rvec type_id="opencv-matrix">
  <rows>3</rows>
  <cols>1</cols>
  <dt>d</dt>
  <data>
    8.3649711116961512e-01 1.6816452718052516e-01 2.9115432657654563e+00</data></rvec>
<tvec type_id="opencv-matrix">
  <rows>3</rows>
  <cols>1</cols>
  <dt>d</dt>
  <data>
    -1.3951642250048977e+00 -4.0555071709195598e+00
    1.4681296315789691e+01</data></tvec>
</opencv_storage>
