<?xml version="1.0"?>
<opencv_storage>
<camera_matrix type_id="opencv-matrix">
  <rows>3</rows>
  <cols>3</cols>
  <dt>d</dt>
  <data>
    2.2388074439125003e+03 0. 9.2740765857519409e+02 0.
    2.3947467714246955e+03 6.6628272097032891e+02 0. 0. 1.</data></camera_matrix>
<distortion_coefficients type_id="opencv-matrix">
  <rows>1</rows>
  <cols>5</cols>
  <dt>d</dt>
  <data>
    -2.6309875724039083e-01 -4.1623747037706091e-02
    -1.3981994541456561e-02 7.9132335005671524e-03
    6.8157932580290223e-02</data></distortion_coefficients>
</opencv_storage>
