<?xml version="1.0"?>
<opencv_storage>
<rvec type_id="opencv-matrix">
  <rows>3</rows>
  <cols>1</cols>
  <dt>d</dt>
  <data>
    1.1603247818987622e-01 -6.6354172215500495e-02
    -3.0202096806689083e+00</data></rvec>
<tvec type_id="opencv-matrix">
  <rows>3</rows>
  <cols>1</cols>
  <dt>d</dt>
  <data>
    -3.7456895713500950e-02 4.8372455211048476e-01
    2.9666239566691799e-01</data></tvec>
</opencv_storage>
