<?xml version="1.0"?>
<opencv_storage>
<camera_matrix type_id="opencv-matrix">
  <rows>3</rows>
  <cols>3</cols>
  <dt>d</dt>
  <data>
    1.2100162317581398e+03 0. 1.2952565023825680e+03 0.
    1.1509454773843731e+03 -6.3608885535747515e+02 0. 0. 1.</data></camera_matrix>
<distortion_coefficients type_id="opencv-matrix">
  <rows>1</rows>
  <cols>5</cols>
  <dt>d</dt>
  <data>
    2.8922858967764871e-02 2.8490531494712681e-03
    -2.9714421377857916e-02 2.7302291561970827e-02
    -6.8496450499736818e-04</data></distortion_coefficients>
</opencv_storage>
